# cut position is between the residue before and the indicated position
#proteinid	nn_cutpos	neuro_net_vote	hmm_cutpos	hmm_signalpep_probability
66880	38	5	48	0.004
47299	17	5	17	0.995
121825	20	5	20	0.989
66955	21	5	21	1
122559	26	5	26	0.35
68	23	1	18	0.957
123619	17	5	23	0.557
60330	20	5	20	0.985
124084	26	5	30	0.192
147	20	5	20	1
67114	25	5	22	0.981
67146	24	5	24	0.977
67173	16	5	16	0.919
235	22	5	22	1
67194	21	4	21	0.989
46869	20	5	20	0.991
342	20	5	20	1
132122	22	5	22	0.621
434	25	5	25	0.993
60665	24	5	24	1
67464	21	5	21	1
137376	23	5	23	0.996
67517	20	5	22	0.958
67573	23	5	23	1
140438	28	5	31	0.971
38896	22	5	22	0.225
627	22	5	22	1
664	22	5	22	0.96
67787	24	4	22	0.99
144197	26	5	26	1
144358	22	4	22	0.991
733	17	5	17	0.999
109020	21	5	21	0.972
742	18	5	18	0.851
25226	27	5	27	0.381
801	21	5	21	0.994
109056	20	5	20	0.999
205360	19	5	19	0.999
67926	20	5	20	0.999
67968	38	5	38	0.279
865	17	5	29	0.787
49224	20	5	20	0.99
893	49	0	49	0.96
894	28	5	28	0.19
68060	23	5	28	0.508
61096	26	4	26	0.994
962	25	5	25	0.998
209880	22	5	22	0.99
68136	24	5	24	1
974	22	5	22	0.999
983	43	5	43	0.102
78491	22	5	26	0.985
78531	38	5	38	0.922
210832	26	5	26	0.975
115432	23	1	23	0.959
45737	20	5	22	0.769
48116	19	5	21	0.991
68247	22	5	22	0.955
68254	23	5	25	1
68261	20	5	20	0.997
61256	19	4	19	0.996
61259	24	3	20	0.957
212801	21	5	21	0.988
61277	17	5	23	0.897
1159	18	5	23	0.992
68410	23	5	23	0.998
68411	22	5	22	0.86
1250	38	5	38	0.887
1272	20	5	20	1
102616	26	5	26	0.994
221134	51	0	51	0.951
1294	22	5	22	1
61479	21	5	21	1
1339	31	5	31	0.989
1349	20	5	20	0.998
1356	24	5	24	0.999
223085	22	5	22	0.999
102748	23	5	31	0.914
1422	17	5	17	0.999
91476	20	5	20	0.999
1428	23	5	23	0.444
1430	32	5	32	0.975
68751	19	5	19	0.988
61581	20	5	19	0.517
115809	17	5	17	0.993
102763	25	5	25	0.856
226732	39	5	39	0.901
68762	21	4	24	0.983
68788	23	5	23	0.996
102779	33	3	33	0.995
102796	19	5	19	0.952
227659	26	5	26	0.906
68835	28	5	28	1
227703	24	5	24	0.998
68842	20	4	20	0.997
68855	27	5	27	0.995
1540	29	3	23	0.997
68894	21	5	21	0.999
1548	22	5	22	0.735
1638	22	5	22	0.947
232787	27	5	27	0.997
69040	22	5	22	0.99
69058	25	5	25	0.981
69079	20	2	20	0.977
234440	30	5	30	0.786
234885	35	5	24	0.458
1717	27	5	27	0.992
235024	26	5	26	0.982
235077	26	5	26	0.995
46389	20	5	20	0.915
42376	18	5	18	0.94
69208	17	0	17	0.951
1803	21	5	21	0.999
69265	21	5	21	0.998
1844	20	5	27	0.998
239279	20	5	22	0.991
69345	24	5	24	0.998
1895	36	3	36	0.959
103225	32	5	32	0.774
80078	35	5	35	0.128
241342	17	0	17	0.957
241614	35	5	24	0.984
69482	24	5	24	1
69487	27	5	27	0.497
2005	18	5	18	1
62103	20	3	20	0.974
69586	26	5	26	0.589
110111	28	5	28	0.643
103391	21	5	21	1
40213	29	5	29	0.974
69693	19	5	19	0.952
246068	23	5	21	0.555
2176	22	2	22	0.994
2185	25	5	25	1
69766	22	5	22	0.952
249091	24	5	27	1
69828	19	5	19	0.996
249471	35	5	35	0.863
62314	23	4	27	0.962
2275	34	5	34	0.995
116588	27	5	27	0.489
103582	19	5	19	0.999
2365	21	4	26	0.995
2409	22	5	22	0.998
2452	31	5	31	0.985
70120	29	5	26	0.971
103767	20	5	20	0.975
103773	25	5	27	0.998
2494	25	5	25	0.668
2518	26	5	26	0.406
34791	14	5	18	0.916
116838	34	5	27	0.115
2539	28	5	28	0.76
70234	22	5	22	0.366
2594	21	5	21	0.998
70302	17	0	53	0.966
70311	37	5	22	0.239
2613	19	5	19	1
2615	23	5	23	0.999
70327	22	4	22	0.987
110627	23	5	23	0.829
2663	18	5	18	0.988
31541	27	1	27	0.96
70451	29	4	31	0.993
81400	21	4	21	0.965
2708	21	5	21	0.999
51952	24	5	24	0.431
62741	22	5	22	1
263289	18	5	20	0.929
70520	23	3	23	0.984
70542	34	5	33	0.31
70552	26	3	23	0.99
70558	26	5	26	0.941
52128	24	5	24	0.918
81573	19	5	19	0.999
70569	25	5	25	0.511
265061	26	5	26	0.043
2806	22	5	22	0.923
42693	17	5	19	1
265563	23	5	23	0.338
52462	27	5	27	0.999
104186	16	5	16	0.988
70740	22	5	38	0.985
2966	25	5	25	1
2976	32	5	32	0.946
70807	18	5	31	0.988
3024	26	5	19	0.973
70859	29	5	29	0.996
63111	24	5	26	0.927
104437	28	5	28	0.686
275641	23	5	29	0.931
63148	20	5	20	0.981
27400	31	5	31	0.889
337177	23	5	23	0.997
71059	26	5	26	0.974
94481	18	5	18	0.999
71087	24	5	24	0.999
71088	37	5	37	0.626
94504	17	5	17	0.991
337269	24	5	24	0.946
277630	30	5	30	0.941
277867	20	5	31	0.945
3252	26	5	26	0.107
71169	20	5	20	0.41
278263	38	4	43	0.992
71208	19	4	19	0.989
53439	39	5	37	0.052
71265	36	5	36	0.994
71284	19	5	19	0.987
281704	20	5	20	0.998
281757	32	5	32	0.998
71305	23	3	29	0.952
282760	21	5	21	0.938
63359	34	5	34	0.984
71411	27	2	27	0.972
27636	21	5	21	0.982
3470	19	5	19	1
285739	22	5	15	0.008
63477	23	1	31	0.958
111378	26	5	26	0.999
287259	18	5	18	0.999
63488	20	5	20	0.993
3546	20	5	20	1
27751	23	5	22	0.999
44698	32	5	35	0.52
71714	23	5	23	0.992
291116	21	5	23	0.854
104968	26	5	30	0.53
3722	17	5	21	0.988
292364	25	5	25	1
71864	38	5	38	0.897
3756	28	5	28	0.914
71871	19	5	19	1
3772	23	5	23	0.999
3782	23	1	23	0.97
3792	43	5	43	0.937
71939	32	5	32	0.828
3820	21	5	31	0.988
296222	20	5	26	0.893
3868	20	5	20	0.999
72047	23	5	23	0.868
3874	20	5	20	0.867
54070	22	5	22	0.929
3891	22	5	28	0.228
301936	26	5	29	0.098
302275	25	5	25	0.999
72221	30	5	22	0.811
4017	30	5	30	0.108
72238	28	5	28	0.82
118190	20	3	20	0.972
4049	19	5	26	0.053
4053	26	5	26	0.993
304123	17	4	27	0.978
63947	23	0	23	0.963
111843	29	5	29	0.999
42878	30	5	30	0.23
4109	21	5	21	1
72441	24	5	24	0.944
72449	19	5	19	0.975
96142	19	5	24	0.895
4206	22	5	22	0.993
4213	37	4	37	0.972
72504	27	5	27	0.915
310623	20	5	20	0.991
4284	26	5	26	0.994
338225	26	5	26	0.995
64144	17	3	22	0.989
312865	31	5	31	0.371
338235	36	5	36	0.105
313973	23	5	23	0.493
314022	18	5	18	0.995
84172	31	4	31	0.999
55006	23	5	21	0.896
315712	28	0	28	0.975
105685	19	5	19	0.999
338321	16	4	16	0.966
55159	20	5	20	0.996
338374	23	5	23	0.997
72882	21	5	21	0.267
319314	20	5	20	0.997
319429	21	5	21	0.947
84536	37	5	37	0.014
4583	20	5	20	0.998
112249	23	5	23	1
72973	20	5	20	0.999
64448	19	5	19	0.999
4617	21	5	21	0.61
73015	24	5	24	0.998
73041	24	5	24	0.999
73042	22	5	22	0.996
322386	28	5	28	0.994
4643	26	5	29	0.68
55516	23	5	23	1
338499	22	5	22	0.95
322989	23	5	23	0.935
323022	36	5	36	0.893
73132	20	5	31	0.356
73146	21	5	21	0.991
73149	21	5	21	1
73152	21	5	21	0.999
73167	26	5	26	0.98
323757	27	5	27	0.94
73176	27	3	27	0.97
64535	21	5	21	1
73214	27	5	27	0.999
73232	21	4	21	0.996
73241	28	5	28	0.968
55887	29	5	21	0.505
73259	28	3	30	0.973
73284	28	5	34	0.764
55838	38	5	38	0.893
4873	23	0	22	0.957
112474	21	5	21	1
328470	22	5	22	1
329300	38	5	38	0.997
55318	24	5	24	0.991
331483	21	5	21	0.979
112586	40	5	40	0.926
5081	23	5	23	1
73662	30	5	30	0.978
5088	23	5	23	0.853
146304	22	5	22	0.808
5102	19	5	21	1
5108	20	5	20	0.997
5148	31	5	31	0.143
35407	20	4	21	0.99
148432	25	5	25	1
5177	27	5	27	0.99
5224	42	1	42	0.953
38946	18	5	27	0.643
5244	21	5	21	0.975
5250	21	5	21	0.999
151121	15	5	15	0.765
106431	32	5	32	0.936
112782	21	1	21	0.965
73958	26	4	22	0.99
153241	18	5	18	0.998
73963	24	5	24	0.108
73971	21	5	21	0.946
106496	20	5	20	0.981
153823	26	5	26	0.996
154486	17	5	17	0.999
112865	20	5	20	0.999
29368	28	5	28	0.983
119382	21	5	21	0.998
74059	28	5	28	0.982
29383	26	5	26	0.992
5427	19	5	27	0.392
155692	21	5	21	0.997
5440	23	5	23	1
333289	19	5	19	1
5459	25	5	25	0.972
65159	20	5	20	0.999
5471	18	5	18	1
74190	18	5	18	0.998
5508	18	5	18	0.998
65208	25	5	25	0.993
74257	48	4	48	0.975
158498	35	5	35	0.772
65284	17	5	26	0.434
161356	25	5	25	0.98
74374	20	5	20	0.992
5633	22	5	22	1
162219	23	2	23	0.981
163465	21	5	21	0.978
164003	24	5	24	0.465
164300	38	5	38	0.283
74587	18	3	18	0.968
74610	21	5	21	0.946
5821	19	5	19	0.995
165324	23	5	24	0.994
165367	24	5	21	0.999
5830	26	5	26	0.992
74692	24	5	22	0.998
166856	18	5	18	0.702
74706	24	1	24	0.976
119797	27	5	27	0.688
5903	16	5	23	0.295
107052	34	5	20	0.878
170729	19	5	23	0.944
65722	16	5	16	0.997
6103	18	5	18	0.999
74975	22	5	22	0.927
65731	16	5	23	0.994
173125	29	5	31	0.03
75015	22	5	27	0.805
6142	18	5	26	1
57844	27	5	36	0.008
75045	22	5	25	0.99
174093	38	5	37	0.087
175334	23	5	23	0.928
75113	30	5	30	0.96
175468	28	5	28	0.993
175925	25	5	25	1
175960	30	5	30	0.962
176092	38	5	38	0.729
176213	25	5	25	0.979
177062	33	3	33	0.965
107342	20	5	20	1
6319	22	5	28	0.998
120196	25	5	25	0.998
75312	19	5	19	0.549
6355	22	5	22	1
75319	17	5	17	0.988
75350	29	5	29	0.98
75368	23	5	23	0.966
113696	30	4	32	0.989
75376	39	5	39	0.984
107482	22	5	23	0.975
75437	17	5	17	1
66122	18	5	18	0.929
6536	23	5	23	0.598
66138	20	5	20	0.993
6583	24	5	22	1
75573	20	3	22	0.973
6613	23	5	23	0.976
66199	19	5	21	0.97
66204	23	5	28	0.967
186935	19	5	19	1
58942	39	5	34	0.035
66230	32	5	32	0.63
75734	20	5	20	0.989
6714	20	5	20	1
6759	20	5	23	0.06
6782	27	5	27	0.981
191193	25	5	25	0.359
6839	18	5	19	0.976
192761	24	5	24	0.99
120665	22	5	28	0.971
66404	22	5	22	0.982
6909	21	5	21	1
195252	27	5	27	0.995
6960	19	5	19	1
107988	28	5	32	0.924
76103	33	5	33	0.963
59199	24	5	24	0.115
30795	23	5	23	0.554
7011	22	5	22	0.974
198300	28	5	28	0.989
76210	22	5	22	0.984
44053	17	5	17	0.624
334590	23	5	24	0.997
200708	30	5	29	0.98
200786	18	5	18	1
334774	26	5	26	0.842
201501	21	5	21	0.956
76372	30	5	30	0.286
76458	23	5	23	0.943
7221	33	5	33	0.05
76476	30	5	23	0.954
76478	23	5	30	0.622
7229	21	5	21	0.937
76503	21	5	21	0.999
76523	21	5	21	0.996
334979	22	5	22	0.882
203435	37	5	37	0.993
76563	25	5	24	1
121002	19	5	19	0.997
7306	22	5	22	0.992
204320	22	5	22	0.999
7314	28	5	28	0.979
204669	21	5	21	0.998
31098	21	0	23	0.956
114438	21	0	23	0.956
76700	22	2	22	0.98
76729	25	5	25	0.983
60098	32	5	29	0.941
76786	26	5	26	0.966
